16
4 0 0
5 1 0
6 0 1
7 1 1
8 0 2
9 1 2
10 2 0
11 3 0
12 2 1
13 3 1
14 2 2
15 3 2
16 -1 -1
17 -1 -1
18 -1 -1
19 -1 -1
0
0
0
0
2
0 2000 500 0 30
2 6000 500 0 30
2
1 7999 500 0 30
3 3999 500 0 30
0
0
32
0 4 BR
0 5 BR
0 6 BR
0 7 BL
0 8 BR
0 9 BR
0 10 BR
0 11 BL
0 12 BR
0 13 BR
0 14 BR
0 15 BR
0 16 BL
0 17 BR
0 18 BL
0 19 BR
2 4 BR
2 5 BL
2 6 BR
2 7 BL
2 8 BL
2 9 BR
2 10 BR
2 11 BL
2 12 BL
2 13 BR
2 14 BL
2 15 BR
2 16 BL
2 17 BR
2 18 BL
2 19 BR
0
0
0
0
2
0 1800 800 0 30
2 6000 800 0 25
2
1 8193 1068 0 30
3 3690 1014 0 30
0
0
32
0 4 BR
0 5 BR
0 6 BR
0 7 BL
0 8 BR
0 9 BR
0 10 BR
0 11 BL
0 12 BR
0 13 BR
0 14 BR
0 15 BR
0 16 BL
0 17 BR
0 18 BL
0 19 BR
2 4 BR
2 5 BL
2 6 BR
2 7 BL
2 8 BL
2 9 BL
2 10 BR
2 11 BL
2 12 BL
2 13 BR
2 14 BL
2 15 BR
2 16 BL
2 17 BR
2 18 BL
2 19 BR
0
0
0
0
2
0 2000 1100 0 30
2 6000 1100 0 20
2
1 8402 1631 0 30
3 3356 1513 0 30
0
0
32
0 4 BR
0 5 BR
0 6 BR
0 7 BL
0 8 BR
0 9 BR
0 10 BR
0 11 BL
0 12 BR
0 13 BR
0 14 BL
0 15 BR
0 16 BL
0 17 BR
0 18 BL
0 19 BR
2 4 BR
2 5 BL
2 6 BR
2 7 BL
2 8 BL
2 9 BL
2 10 BR
2 11 BL
2 12 BL
2 13 BR
2 14 BL
2 15 BR
2 16 BL
2 17 BR
2 18 BL
2 19 BR
0
0
0
0
2
0 2000 1400 0 25
2 6000 1400 0 21
2
1 8626 2187 0 30
3 2999 1995 0 30
0
0
32
0 4 BR
0 5 BR
0 6 BR
0 7 BL
0 8 BR
0 9 BR
0 10 BR
0 11 BL
0 12 BR
0 13 BR
0 14 BL
0 15 BR
0 16 BL
0 17 BR
0 18 BL
0 19 BR
2 4 BR
2 5 BL
2 6 BR
2 7 BL
2 8 BL
2 9 BL
2 10 BR
2 11 BL
2 12 BL
2 13 BR
2 14 BL
2 15 BR
2 16 BL
2 17 BR
2 18 BL
2 19 BR
0
0
0
0
2
0 2000 1700 0 20
2 6000 1700 0 16
2
1 8874 2733 0 30
3 3070 2591 0 30
1
2 4
1
4 7090 2978 141 -141
32
0 4 BR
0 5 BR
0 6 BR
0 7 BL
0 8 BR
0 9 BR
0 10 BR
0 11 BL
0 12 BR
0 13 BR
0 14 BL
0 15 BR
0 16 BL
0 17 BR
0 18 BL
0 19 BR
2 4 BR
2 5 BL
2 6 BR
2 7 BL
2 8 BL
2 9 BL
2 10 BR
2 11 BL
2 12 BL
2 13 BR
2 14 BL
2 15 BR
2 16 BL
2 17 BR
2 18 BL
2 19 BR
0
0
0
0
2
0 2000 2000 0 15
2 6000 2000 0 11
2
1 9140 3271 0 30
3 3029 3190 0 30
2
2 4
3 5
1
4 7231 2837 141 -141
32
0 4 BR
0 5 BR
0 6 BR
0 7 BL
0 8 BR
0 9 BR
0 10 BR
0 11 BL
0 12 BR
0 13 BR
0 14 BL
0 15 BR
0 16 BL
0 17 BR
0 18 BL
0 19 BR
2 4 BR
2 5 BL
2 6 BR
2 7 BL
2 8 BL
2 9 BL
2 10 BR
2 11 BL
2 12 BL
2 13 BR
2 14 BL
2 15 BR
2 16 BL
2 17 BR
2 18 BL
2 19 BR
0
0
0
0
2
0 2000 2300 0 16
2 6000 2300 0 6
2
1 9379 3821 0 30
3 2530 3524 0 30
3
2 4
1 10
3 5
1
4 7372 2696 141 -141
32
0 4 BR
0 5 BR
0 6 BR
0 7 BR
0 8 BR
0 9 BR
0 10 BR
0 11 BL
0 12 BR
0 13 BR
0 14 BL
0 15 BR
0 16 BL
0 17 BR
0 18 BL
0 19 BR
2 4 BR
2 5 BL
2 6 BR
2 7 BL
2 8 BL
2 9 BL
2 10 BR
2 11 BL
2 12 BL
2 13 BR
2 14 BL
2 15 BR
2 16 BL
2 17 BR
2 18 BL
2 19 BR
0
0
0
0
2
0 2000 2600 0 11
2 6000 2600 0 1
2
1 9167 4382 0 25
3 1933 3587 0 25
6
2 4
1 10
1 13
3 5
3 11
3 12
1
4 7513 2555 141 141
32
0 4 TR
0 5 BR
0 6 BR
0 7 BR
0 8 BR
0 9 BR
0 10 BR
0 11 BL
0 12 BR
0 13 BR
0 14 BL
0 15 BR
0 16 BL
0 17 BR
0 18 BL
0 19 BR
2 4 TR
2 5 BL
2 6 BR
2 7 BL
2 8 BL
2 9 BL
2 10 BR
2 11 BL
2 12 BL
2 13 BR
2 14 BL
2 15 BR
2 16 BL
2 17 BR
2 18 BL
2 19 BR
0
0
0
0
2
0 2000 2900 0 6
2 6000 2900 0 2
2
1 9049 3794 0 26
3 1995 4184 0 26
7
0 11
2 4
1 10
1 13
3 5
3 11
3 12
1
11 253 3650 200 0
30
0 4 TR
0 5 BR
0 6 BR
0 7 BR
0 8 BR
0 9 BR
0 11 BL
0 12 BR
0 13 BR
0 14 BL
0 15 BR
0 16 BL
0 17 BR
0 18 BL
0 19 BR
2 4 TR
2 5 BL
2 6 BR
2 7 BL
2 8 BL
2 9 BL
2 11 BL
2 12 BL
2 13 BR
2 14 BL
2 15 BR
2 16 BL
2 17 BR
2 18 BL
2 19 BR
0
0
0
0
2
0 2231 2346 0 7
2 6000 3200 0 3
2
1 8533 4100 0 27
3 2067 4780 0 27
7
0 11
2 4
1 10
1 13
3 5
3 11
3 12
0
30
0 4 BR
0 5 BR
0 6 BR
0 7 BR
0 8 BR
0 9 BR
0 11 BL
0 12 BR
0 13 BR
0 14 BL
0 15 BR
0 16 BL
0 17 BR
0 18 BL
0 19 BR
2 4 TR
2 5 BL
2 6 BR
2 7 BL
2 8 BL
2 9 BL
2 11 BL
2 12 BL
2 13 BR
2 14 BL
2 15 BR
2 16 BL
2 17 BR
2 18 BL
2 19 BR
0
0
0
0
2
0 2462 1792 0 8
2 6000 3500 0 4
2
1 8361 4675 0 28
3 2151 5374 0 28
7
0 11
2 4
1 10
1 13
3 5
3 11
3 12
0
30
0 4 BR
0 5 BR
0 6 BR
0 7 BR
0 8 BR
0 9 BR
0 11 BL
0 12 BR
0 13 BR
0 14 BL
0 15 BR
0 16 BL
0 17 BR
0 18 BL
0 19 BR
2 4 TR
2 5 BL
2 6 BR
2 7 BL
2 8 BL
2 9 BR
2 11 BL
2 12 BL
2 13 BR
2 14 BL
2 15 BR
2 16 BL
2 17 BR
2 18 BL
2 19 BR
0
0
0
0
2
0 2693 1238 0 3
2 6000 3800 0 5
2
1 8312 5273 0 29
3 2242 5967 0 29
7
0 11
2 4
1 10
1 13
3 5
3 11
3 12
0
30
0 4 BR
0 5 BR
0 6 BR
0 7 BR
0 8 BR
0 9 BR
0 11 BL
0 12 BR
0 13 BR
0 14 BL
0 15 BR
0 16 BL
0 17 BR
0 18 BL
0 19 BR
2 4 TR
2 5 BL
2 6 BR
2 7 BL
2 8 BL
2 9 BR
2 11 TL
2 12 BL
2 13 BR
2 14 BL
2 15 BR
2 16 BL
2 17 BR
2 18 BL
2 19 BR
0
0
0
0
2
0 2693 1538 0 4
2 6000 4100 0 0
2
1 8239 5869 0 30
3 2332 6560 0 30
7
0 11
2 4
1 10
1 13
3 5
3 11
3 12
0
30
0 4 BR
0 5 BR
0 6 BR
0 7 BR
0 8 BR
0 9 BR
0 11 BL
0 12 BR
0 13 BR
0 14 BL
0 15 BR
0 16 BL
0 17 BR
0 18 BL
0 19 BR
2 4 TR
2 5 BL
2 6 BR
2 7 BL
2 8 BL
2 9 BR
2 11 TL
2 12 BL
2 13 BR
2 14 BL
2 15 BR
2 16 BL
2 17 TR
2 18 BL
2 19 BR
0
0
0
0
2
0 2693 1838 0 5
2 6000 4400 0 1
2
1 8148 6462 0 25
3 2486 7140 0 25
11
0 11
2 4
1 10
1 13
1 6
1 9
3 5
3 11
3 12
3 7
3 8
0
30
0 4 BR
0 5 BR
0 6 BR
0 7 BR
0 8 BR
0 9 BR
0 11 BL
0 12 BR
0 13 BR
0 14 BL
0 15 BR
0 16 BL
0 17 BR
0 18 BL
0 19 BR
2 4 TR
2 5 TL
2 6 BR
2 7 BL
2 8 BL
2 9 BR
2 11 TL
2 12 BL
2 13 BR
2 14 BL
2 15 BR
2 16 BL
2 17 TR
2 18 BL
2 19 BR
0
0
0
0
2
0 2693 2138 0 0
2 6000 4700 0 2
2
1 7850 5941 0 26
3 3009 6846 0 26
11
0 11
2 4
1 10
1 13
1 6
1 9
3 5
3 11
3 12
3 7
3 8
1
11 1453 3650 200 0
30
0 4 BR
0 5 BR
0 6 BR
0 7 BR
0 8 BR
0 9 BR
0 11 BL
0 12 BR
0 13 BR
0 14 BL
0 15 BR
0 16 BL
0 17 BR
0 18 BL
0 19 BR
2 4 TR
2 5 TL
2 6 BR
2 7 BL
2 8 BL
2 9 BR
2 11 TL
2 12 BL
2 13 BR
2 14 BL
2 15 BR
2 16 BL
2 17 TR
2 18 BL
2 19 BR
0
0
0
0
2
0 2693 2438 0 1
2 6000 5000 0 3
2
1 7927 5346 0 27
3 2588 7274 0 27
11
0 11
2 4
1 10
1 13
1 6
1 9
3 5
3 11
3 12
3 7
3 8
0
30
0 4 BR
0 5 BR
0 6 BR
0 7 BR
0 8 BR
0 9 BR
0 11 BL
0 12 BR
0 13 BR
0 14 BL
0 15 BR
0 16 BL
0 17 BR
0 18 BL
0 19 BR
2 4 TR
2 5 TL
2 6 BR
2 7 BL
2 8 BL
2 9 BR
2 11 TL
2 12 BL
2 13 BR
2 14 BL
2 15 BR
2 16 BL
2 17 TR
2 18 BL
2 19 BR
0
0
0
0
2
0 2693 2738 0 2
2 6000 5300 0 4
2
1 8004 4751 0 22
3 2625 7873 0 28
12
0 11
2 4
1 10
1 13
1 6
1 9
1 4
3 5
3 11
3 12
3 7
3 8
0
30
0 4 BR
0 5 BR
0 6 BR
0 7 BR
0 8 BR
0 9 BR
0 11 BL
0 12 BR
0 13 BR
0 14 BL
0 15 BR
0 16 BL
0 17 BR
0 18 BL
0 19 BR
2 4 TR
2 5 TL
2 6 BR
2 7 BL
2 8 BL
2 9 BR
2 11 TL
2 12 BL
2 13 BL
2 14 BL
2 15 BR
2 16 BL
2 17 TR
2 18 BL
2 19 BR
0
0
0
0
2
0 2693 3038 0 3
2 6000 5600 0 5
2
1 8184 5323 0 23
3 2175 8270 0 29
13
0 11
2 4
2 13
1 10
1 13
1 6
1 9
1 4
3 5
3 11
3 12
3 7
3 8
1
13 5772 6260 -199 -17
30
0 4 BR
0 5 BR
0 6 BR
0 7 BR
0 8 BR
0 9 BR
0 11 BL
0 12 BR
0 13 BR
0 14 BL
0 15 BR
0 16 BL
0 17 TR
0 18 BL
0 19 BR
2 4 TR
2 5 TL
2 6 BR
2 7 BL
2 8 BL
2 9 BR
2 11 TL
2 12 BL
2 13 BL
2 14 BL
2 15 BR
2 16 TL
2 17 TR
2 18 BL
2 19 BR
0
0
0
0
2
0 2693 3338 0 4
2 6000 5900 0 0
2
1 8531 5812 0 24
3 1696 8631 0 30
15
0 11
2 4
2 13
2 6
2 12
1 10
1 13
1 6
1 9
1 4
3 5
3 11
3 12
3 7
3 8
4
11 2253 3650 200 0
6 5885 7374 -185 75
12 4756 5801 172 -103
13 5573 6243 -199 -17
30
0 4 BR
0 5 BR
0 6 BR
0 7 BR
0 8 BR
0 9 BR
0 11 BL
0 12 BR
0 13 BR
0 14 BL
0 15 BR
0 16 BL
0 17 TR
0 18 BL
0 19 BR
2 4 TR
2 5 TL
2 6 BL
2 7 BL
2 8 BL
2 9 BR
2 11 TL
2 12 TL
2 13 BL
2 14 BL
2 15 BR
2 16 TL
2 17 TR
2 18 BL
2 19 BR
0
0
0
0
2
0 2693 3638 0 5
2 6000 6200 0 1
2
1 8944 6247 0 25
3 1223 9000 0 30
15
0 11
2 4
2 13
2 6
2 12
1 10
1 13
1 6
1 9
1 4
3 5
3 11
3 12
3 7
3 8
2
11 2453 3650 200 0
13 5374 6226 -199 -17
30
0 4 TR
0 5 TR
0 6 BR
0 7 BR
0 8 BR
0 9 BR
0 11 BL
0 12 BR
0 13 BR
0 14 BL
0 15 BR
0 16 BL
0 17 TR
0 18 BL
0 19 BR
2 4 TR
2 5 TL
2 6 BL
2 7 BL
2 8 BL
2 9 BR
2 11 TL
2 12 TL
2 13 BL
2 14 BL
2 15 BR
2 16 TL
2 17 TR
2 18 BL
2 19 BR
0
0
0
0
2
0 2693 3938 0 0
2 6000 6500 0 2
2
1 9031 6841 0 26
3 632 8896 0 25
16
0 11
2 4
2 13
2 6
2 12
1 10
1 13
1 6
1 9
1 4
3 5
3 11
3 12
3 7
3 8
3 14
1
11 2653 3650 200 0
30
0 4 TR
0 5 TR
0 6 BR
0 7 BR
0 8 BR
0 9 BR
0 11 TL
0 12 BR
0 13 BR
0 14 BL
0 15 BR
0 16 BL
0 17 TR
0 18 BR
0 19 BR
2 4 TR
2 5 TL
2 6 BL
2 7 BL
2 8 BL
2 9 BR
2 11 TL
2 12 TL
2 13 TL
2 14 BL
2 15 BR
2 16 TL
2 17 TR
2 18 BL
2 19 TR
0
0
0
0
2
0 2693 4238 0 1
2 6000 6800 0 3
2
1 9132 7432 0 27
3 632 8296 0 26
16
0 11
2 4
2 13
2 6
2 12
1 10
1 13
1 6
1 9
1 4
3 5
3 11
3 12
3 7
3 8
3 14
1
11 2853 3650 200 0
28
0 4 TR
0 5 TR
0 6 BR
0 7 BR
0 8 BR
0 9 BR
0 11 TR
0 12 BR
0 13 BR
0 15 BR
0 16 BL
0 17 TR
0 18 BR
0 19 BR
2 4 TR
2 5 TL
2 6 BL
2 7 BL
2 8 BL
2 9 BR
2 11 TL
2 12 TL
2 13 TL
2 15 BR
2 16 TL
2 17 TR
2 18 TL
2 19 TR
0
0
0
0
2
0 2693 4538 0 2
2 6000 7100 0 4
2
1 9541 7871 0 22
3 632 7696 0 27
17
0 11
2 4
2 13
2 6
2 12
1 10
1 13
1 6
1 9
1 4
1 15
3 5
3 11
3 12
3 7
3 8
3 14
1
6 5530 7310 200 11
28
0 4 TR
0 5 TR
0 6 BR
0 7 BR
0 8 BR
0 9 BR
0 11 TR
0 12 BR
0 13 BR
0 15 BR
0 16 BL
0 17 TR
0 18 BR
0 19 BR
2 4 TR
2 5 TL
2 6 BL
2 7 BL
2 8 BL
2 9 BR
2 11 TL
2 12 TL
2 13 TL
2 15 BR
2 16 TL
2 17 TR
2 18 TL
2 19 TR
0
0
0
0
2
0 2693 4838 0 3
2 6000 7400 0 5
2
1 9541 7271 0 23
3 632 7096 0 28
17
0 11
2 4
2 13
2 6
2 12
1 10
1 13
1 6
1 9
1 4
1 15
3 5
3 11
3 12
3 7
3 8
3 14
1
6 5730 7321 200 11
28
0 4 TR
0 5 TR
0 6 BR
0 7 BR
0 8 BR
0 9 BR
0 11 TR
0 12 BR
0 13 BR
0 15 BR
0 16 BL
0 17 TR
0 18 BR
0 19 BR
2 4 TR
2 5 TL
2 6 TL
2 7 TL
2 8 BL
2 9 BR
2 11 TL
2 12 TL
2 13 TL
2 15 BR
2 16 TL
2 17 TR
2 18 TL
2 19 TR
0
0
0
0
2
0 2693 5138 0 4
2 6000 7700 0 6
2
1 9541 6671 0 24
3 632 6496 0 29
17
0 11
2 4
2 13
2 6
2 12
1 10
1 13
1 6
1 9
1 4
1 15
3 5
3 11
3 12
3 7
3 8
3 14
1
6 5930 7332 200 11
28
0 4 TR
0 5 TR
0 6 BR
0 7 BR
0 8 BR
0 9 BR
0 11 TR
0 12 BR
0 13 BR
0 15 BR
0 16 BL
0 17 TR
0 18 BR
0 19 BR
2 4 TR
2 5 TL
2 6 TL
2 7 TL
2 8 BL
2 9 BR
2 11 TL
2 12 TL
2 13 TL
2 15 BR
2 16 TL
2 17 TR
2 18 TL
2 19 TR
0
0
0
0
2
0 2693 5438 0 5
2 6000 8000 0 7
2
1 9541 6071 0 25
3 1078 6095 0 30
17
0 11
2 4
2 13
2 6
2 12
1 10
1 13
1 6
1 9
1 4
1 15
3 5
3 11
3 12
3 7
3 8
3 14
1
6 6130 7343 200 11
28
0 4 TR
0 5 TR
0 6 BR
0 7 BR
0 8 BR
0 9 BR
0 11 TR
0 12 TR
0 13 BR
0 15 BR
0 16 TL
0 17 TR
0 18 BR
0 19 TR
2 4 TR
2 5 TL
2 6 TR
2 7 TL
2 8 BL
2 9 BR
2 11 TL
2 12 TL
2 13 TL
2 15 BR
2 16 TL
2 17 TR
2 18 TL
2 19 TR
0
0
0
0
2
0 2693 5738 0 0
2 6000 8300 0 8
2
1 9541 5471 0 26
3 1431 5610 0 30
19
0 11
0 7
0 13
2 4
2 13
2 6
2 12
1 10
1 13
1 6
1 9
1 4
1 15
3 5
3 11
3 12
3 7
3 8
3 14
4
7 3970 7225 -200 -11
13 3981 6107 -199 -17
16 625 5414 0 0
18 4271 6138 -523 -133
28
0 4 TR
0 5 TR
0 6 BR
0 7 BR
0 8 BR
0 9 BR
0 11 TR
0 12 TR
0 13 BR
0 15 BR
0 16 TL
0 17 TR
0 18 BR
0 19 TR
2 4 TR
2 5 TL
2 6 TR
2 7 TL
2 8 BL
2 9 BR
2 11 TL
2 12 TR
2 13 TL
2 15 BR
2 16 TL
2 17 TR
2 18 TL
2 19 TR
0
0
0
0
2
0 2693 6038 0 1
2 6000 8600 0 9
2
1 9541 4871 0 27
3 1431 5010 0 30
19
0 11
0 7
0 13
2 4
2 13
2 6
2 12
1 10
1 13
1 6
1 9
1 4
1 15
3 5
3 11
3 12
3 7
3 8
3 14
1
18 3748 6005 -262 -67
28
0 4 TR
0 5 TR
0 6 BR
0 7 BR
0 8 BR
0 9 BR
0 11 TR
0 12 TR
0 13 BR
0 15 BR
0 16 TL
0 17 TR
0 18 TR
0 19 TR
2 4 TR
2 5 TL
2 6 TR
2 7 TL
2 8 BL
2 9 BR
2 11 TL
2 12 TR
2 13 TL
2 15 BR
2 16 TL
2 17 TR
2 18 TL
2 19 TR
0
0
0
0
2
0 2693 6338 0 2
2 6074 8005 0 4
2
1 9541 4271 0 28
3 1431 4410 0 30
21
0 11
0 7
0 13
2 4
2 13
2 6
2 12
2 8
2 9
1 10
1 13
1 6
1 9
1 4
1 15
3 5
3 11
3 12
3 7
3 8
3 14
4
6 6730 7376 289 -277
8 5319 9379 109 -167
9 6688 8828 239 321
18 3486 5938 -262 -67
28
0 4 TR
0 5 TR
0 6 BR
0 7 BR
0 8 BR
0 9 BR
0 11 TR
0 12 TR
0 13 TR
0 15 BR
0 16 TL
0 17 TR
0 18 TR
0 19 TR
2 4 TR
2 5 TL
2 6 TR
2 7 TL
2 8 BL
2 9 BR
2 11 TL
2 12 TR
2 13 TL
2 15 BR
2 16 TL
2 17 TR
2 18 TL
2 19 TR
0
0
0
0
2
0 2693 6638 0 3
2 6147 7410 0 5
2
1 9541 3671 0 29
3 1431 3810 0 30
21
0 11
0 7
0 13
2 4
2 13
2 6
2 12
2 8
2 9
1 10
1 13
1 6
1 9
1 4
1 15
3 5
3 11
3 12
3 7
3 8
3 14
1
18 3224 5871 -262 -67
28
0 4 TR
0 5 TR
0 6 BR
0 7 BR
0 8 BR
0 9 BR
0 11 TR
0 12 TR
0 13 TR
0 15 BR
0 16 TL
0 17 TR
0 18 TR
0 19 TR
2 4 TR
2 5 TL
2 6 TR
2 7 TL
2 8 BL
2 9 BR
2 11 TL
2 12 TR
2 13 TL
2 15 BR
2 16 TL
2 17 TR
2 18 TL
2 19 TR
0
0
0
0
2
0 2723 6039 1 4
2 6221 6815 0 0
2
1 9541 3071 0 30
3 1431 3210 0 30
18
2 4
2 13
2 6
2 12
2 8
2 9
1 10
1 13
1 6
1 9
1 4
1 15
3 5
3 11
3 12
3 7
3 8
3 14
4
6 7396 6965 397 51
12 6820 5595 176 -359
17 8102 5945 -53 265
18 2962 5804 -262 -67
28
0 4 TR
0 5 TR
0 6 BR
0 7 BR
0 8 BR
0 9 BR
0 11 TR
0 12 TR
0 13 TR
0 15 BR
0 16 TL
0 17 TR
0 18 TR
0 19 TR
2 4 TR
2 5 TL
2 6 BR
2 7 BL
2 8 BL
2 9 BR
2 11 TL
2 12 TR
2 13 TL
2 15 BR
2 16 TL
2 17 TR
2 18 TL
2 19 TR
0
0
0
0
2
0 2723 5739 1 4
2 6294 6220 0 1
2
1 9541 2471 0 30
3 1431 2610 0 30
18
2 4
2 13
2 6
2 12
2 8
2 9
1 10
1 13
1 6
1 9
1 4
1 15
3 5
3 11
3 12
3 7
3 8
3 14
1
18 2700 5737 -262 -67
28
0 4 TR
0 5 TR
0 6 BR
0 7 BR
0 8 BR
0 9 BR
0 11 TR
0 12 TR
0 13 BR
0 15 BR
0 16 TL
0 17 BR
0 18 TL
0 19 TR
2 4 TR
2 5 TL
2 6 BR
2 7 BL
2 8 BL
2 9 BR
2 11 TL
2 12 TR
2 13 TL
2 15 BR
2 16 TL
2 17 TR
2 18 TL
2 19 TR
0
0
0
0
2
0 2723 5439 1 4
2 6367 5625 0 2
2
1 9541 1871 0 30
3 1431 2010 0 30
18
2 4
2 13
2 6
2 12
2 8
2 9
1 10
1 13
1 6
1 9
1 4
1 15
3 5
3 11
3 12
3 7
3 8
3 14
1
18 2438 5670 -262 -67
28
0 4 TR
0 5 TR
0 6 BR
0 7 BR
0 8 BR
0 9 BR
0 11 TR
0 12 TR
0 13 BR
0 15 BR
0 16 TL
0 17 BR
0 18 BL
0 19 TR
2 4 TR
2 5 TL
2 6 BR
2 7 BL
2 8 BL
2 9 BR
2 11 TL
2 12 TR
2 13 BL
2 15 BR
2 16 TL
2 17 BR
2 18 BL
2 19 TL
0
0
0
0
2
0 2723 5139 1 4
2 6441 5030 0 3
2
1 9541 1271 0 30
3 1431 1410 0 30
18
2 4
2 13
2 6
2 12
2 8
2 9
1 10
1 13
1 6
1 9
1 4
1 15
3 5
3 11
3 12
3 7
3 8
3 14
1
18 2176 5603 -262 -67
28
0 4 TR
0 5 TR
0 6 BR
0 7 BL
0 8 BR
0 9 BR
0 11 TR
0 12 TR
0 13 BL
0 15 BR
0 16 BL
0 17 BR
0 18 BL
0 19 TR
2 4 TR
2 5 TL
2 6 BR
2 7 BL
2 8 BL
2 9 BR
2 11 TL
2 12 TR
2 13 BL
2 15 BR
2 16 BL
2 17 BR
2 18 BL
2 19 TL
0
0
0
0
2
0 2723 4839 1 4
2 6441 5330 0 4
2
1 9541 671 0 30
3 1431 810 0 30
18
2 4
2 13
2 6
2 12
2 8
2 9
1 10
1 13
1 6
1 9
1 4
1 15
3 5
3 11
3 12
3 7
3 8
3 14
1
18 1914 5536 -262 -67
28
0 4 TR
0 5 TR
0 6 BR
0 7 BL
0 8 BR
0 9 BR
0 11 TR
0 12 BR
0 13 BL
0 15 BR
0 16 BL
0 17 BR
0 18 BL
0 19 TR
2 4 TR
2 5 TL
2 6 BR
2 7 BL
2 8 BL
2 9 BR
2 11 TL
2 12 TR
2 13 BL
2 15 BR
2 16 BL
2 17 BR
2 18 BL
2 19 TL