14
4 0 0
5 1 0
6 0 1
7 1 1
8 0 2
9 1 2
10 2 0
11 3 0
12 2 1
13 3 1
14 2 2
15 3 2
16 -1 -1
17 -1 -1
0
0
0
0
2
0 2000 500 0 30
2 6000 500 0 30
2
1 7999 500 0 30
3 3999 500 0 30
0
0
28
0 4 BL
0 5 BR
0 6 BR
0 7 BL
0 8 BL
0 9 BR
0 10 BR
0 11 BR
0 12 BR
0 13 BR
0 14 BR
0 15 BR
0 16 BR
0 17 BR
2 4 BL
2 5 BR
2 6 BR
2 7 BL
2 8 BL
2 9 BR
2 10 BR
2 11 BL
2 12 BR
2 13 BL
2 14 BL
2 15 BR
2 16 BL
2 17 BR
0
0
0
0
2
0 1876 1087 0 25
2 6233 1053 0 25
2
1 7999 1100 0 30
3 3854 1082 0 30
0
0
28
0 4 BL
0 5 BR
0 6 BR
0 7 BL
0 8 BL
0 9 BR
0 10 BR
0 11 BR
0 12 BR
0 13 BR
0 14 BR
0 15 BR
0 16 BR
0 17 BR
2 4 BL
2 5 BR
2 6 BR
2 7 BL
2 8 BL
2 9 BR
2 10 BR
2 11 BL
2 12 BR
2 13 BL
2 14 BL
2 15 BR
2 16 BL
2 17 BR
0
0
0
0
2
0 1752 1674 0 26
2 6466 1606 0 26
2
1 7999 1700 0 30
3 3709 1664 0 30
0
0
28
0 4 BL
0 5 BR
0 6 BR
0 7 BR
0 8 BL
0 9 BR
0 10 BR
0 11 BR
0 12 BR
0 13 BR
0 14 BR
0 15 BR
0 16 BR
0 17 BR
2 4 BL
2 5 BR
2 6 BR
2 7 BL
2 8 BL
2 9 BR
2 10 BR
2 11 BL
2 12 BR
2 13 BL
2 14 BL
2 15 BR
2 16 BL
2 17 BR
0
0
0
0
2
0 1628 2261 0 27
2 6699 2159 0 27
2
1 7999 2300 0 30
3 3563 2246 0 30
0
0
28
0 4 BR
0 5 BR
0 6 BR
0 7 BR
0 8 BL
0 9 BR
0 10 BR
0 11 BR
0 12 BR
0 13 BR
0 14 BR
0 15 BR
0 16 BR
0 17 BR
2 4 BL
2 5 BR
2 6 BR
2 7 BL
2 8 BL
2 9 BR
2 10 BR
2 11 BL
2 12 BR
2 13 BL
2 14 BL
2 15 BR
2 16 BL
2 17 BR
0
0
0
0
2
0 1504 2848 0 28
2 6932 2712 0 22
2
1 7999 2900 0 30
3 3418 2828 0 30
1
2 10
1
10 7658 3944 -124 380
28
0 4 BR
0 5 BR
0 6 BR
0 7 BR
0 8 BL
0 9 BR
0 10 BR
0 11 BR
0 12 BR
0 13 BR
0 14 BR
0 15 BR
0 16 BR
0 17 BR
2 4 BL
2 5 BR
2 6 BR
2 7 BL
2 8 BL
2 9 BR
2 10 BR
2 11 BL
2 12 BR
2 13 BL
2 14 BL
2 15 BL
2 16 BL
2 17 BR
0
0
0
0
2
0 1381 3435 0 23
2 7165 3265 0 23
2
1 7999 3500 0 25
3 3272 3410 0 25
6
0 4
0 11
2 10
1 5
1 10
3 11
2
4 1661 4787 81 392
11 2414 3681 -381 120
28
0 4 BR
0 5 BR
0 6 BR
0 7 BR
0 8 BL
0 9 BR
0 10 BR
0 11 BR
0 12 BR
0 13 BR
0 14 BR
0 15 BR
0 16 BR
0 17 BR
2 4 BL
2 5 BR
2 6 BR
2 7 BL
2 8 BL
2 9 BR
2 10 BR
2 11 BL
2 12 BL
2 13 BL
2 14 BL
2 15 BL
2 16 BL
2 17 BR
0
0
0
0
2
0 1257 4022 0 24
2 7398 3818 0 24
2
1 7999 4100 0 20
3 3127 3992 0 20
7
0 4
0 11
2 10
1 5
1 10
3 11
3 4
0
28
0 4 BR
0 5 BR
0 6 BR
0 7 BR
0 8 BL
0 9 BR
0 10 BR
0 11 TR
0 12 BR
0 13 BR
0 14 BR
0 15 BR
0 16 BR
0 17 BR
2 4 BL
2 5 BR
2 6 BR
2 7 BL
2 8 BL
2 9 BR
2 10 BL
2 11 TL
2 12 BL
2 13 BL
2 14 BL
2 15 BL
2 16 BL
2 17 BR
0
0
0
0
2
0 1134 4609 0 25
2 7631 4371 0 25
2
1 7999 4700 0 21
3 2981 4574 0 21
7
0 4
0 11
2 10
1 5
1 10
3 11
3 4
1
10 7309 5000 -182 356
28
0 4 BR
0 5 BR
0 6 BR
0 7 BL
0 8 BL
0 9 BR
0 10 BR
0 11 TR
0 12 BR
0 13 BR
0 14 BR
0 15 BR
0 16 BR
0 17 BR
2 4 BL
2 5 BR
2 6 BR
2 7 BL
2 8 BL
2 9 BR
2 10 BL
2 11 TL
2 12 BL
2 13 BL
2 14 BL
2 15 BL
2 16 BL
2 17 BR
0
0
0
0
2
0 1010 5196 0 26
2 7864 4924 0 20
2
1 7999 5300 0 22
3 2836 5156 0 22
9
0 4
0 11
2 10
2 5
2 6
1 5
1 10
3 11
3 4
3
5 8976 5000 382 -117
6 9063 5842 356 182
10 7127 5000 -398 41
28
0 4 TR
0 5 TR
0 6 BR
0 7 BR
0 8 BL
0 9 BR
0 10 TR
0 11 TR
0 12 BR
0 13 BR
0 14 BR
0 15 BR
0 16 BR
0 17 BR
2 4 BL
2 5 BR
2 6 BR
2 7 BL
2 8 BL
2 9 BR
2 10 BL
2 11 TL
2 12 BL
2 13 BL
2 14 BL
2 15 BL
2 16 BL
2 17 BL
0
0
0
0
2
0 887 5783 0 21
2 8097 5477 0 21
2
1 7999 5900 0 17
3 2690 5738 0 17
14
0 4
0 11
0 7
0 8
2 10
2 5
2 6
1 5
1 10
1 6
3 11
3 4
3 7
3 13
3
4 1893 4892 -274 -291
7 1147 6727 106 386
8 320 7630 141 141
28
0 4 TR
0 5 TR
0 6 BR
0 7 BR
0 8 BL
0 9 BR
0 10 TR
0 11 TR
0 12 BR
0 13 BR
0 14 BR
0 15 BR
0 16 BR
0 17 BR
2 4 TL
2 5 TR
2 6 BR
2 7 BL
2 8 BL
2 9 BR
2 10 TL
2 11 TL
2 12 BL
2 13 BL
2 14 BL
2 15 BL
2 16 BL
2 17 BL
0
0
0
0
2
0 1432 6035 0 22
2 8330 6030 0 22
2
1 7999 6500 0 12
3 2545 6320 0 12
15
0 4
0 11
0 7
0 8
2 10
2 5
2 6
1 5
1 10
1 6
1 9
3 11
3 4
3 7
3 13
0
28
0 4 TR
0 5 TR
0 6 BR
0 7 BL
0 8 BL
0 9 BR
0 10 TR
0 11 TR
0 12 BR
0 13 BR
0 14 BR
0 15 BR
0 16 BR
0 17 BR
2 4 TL
2 5 TR
2 6 BR
2 7 BL
2 8 BL
2 9 BR
2 10 TL
2 11 TL
2 12 BL
2 13 BL
2 14 BL
2 15 BL
2 16 BL
2 17 BL
0
0
0
0
2
0 1977 6287 0 23
2 8563 6583 0 23
2
1 7999 7100 0 7
3 2399 6902 0 7
15
0 4
0 11
0 7
0 8
2 10
2 5
2 6
1 5
1 10
1 6
1 9
3 11
3 4
3 7
3 13
0
28
0 4 TL
0 5 TR
0 6 TR
0 7 BL
0 8 BL
0 9 BR
0 10 TR
0 11 TL
0 12 BR
0 13 BR
0 14 BR
0 15 BR
0 16 BR
0 17 BR
2 4 TL
2 5 TR
2 6 TR
2 7 BL
2 8 BL
2 9 BR
2 10 TL
2 11 TL
2 12 BL
2 13 BL
2 14 BL
2 15 BL
2 16 BL
2 17 BL
0
0
0
0
2
0 2522 6539 0 18
2 8796 7136 0 18
2
1 7999 7700 0 2
3 2254 7484 0 2
18
0 4
0 11
0 7
0 8
0 13
2 10
2 5
2 6
2 9
1 5
1 10
1 6
1 9
3 11
3 4
3 7
3 13
3 8
4
7 828 7500 30 -198
13 4277 7457 180 -87
6 9796 6156 -200 14
9 9256 8053 179 358
28
0 4 TL
0 5 TR
0 6 TR
0 7 BL
0 8 BL
0 9 BR
0 10 TR
0 11 TL
0 12 BR
0 13 BR
0 14 BR
0 15 BR
0 16 BL
0 17 BR
2 4 TL
2 5 TR
2 6 TR
2 7 BL
2 8 BL
2 9 BR
2 10 TL
2 11 TL
2 12 BL
2 13 BL
2 14 BL
2 15 BL
2 16 BL
2 17 BL
0
0
0
0
2
0 3067 6791 0 19
2 8225 7322 0 19
2
1 7574 8124 0 3
3 2108 8066 0 3
18
0 4
0 11
0 7
0 8
0 13
2 10
2 5
2 6
2 9
1 5
1 10
1 6
1 9
3 11
3 4
3 7
3 13
3 8
0
28
0 4 TL
0 5 TR
0 6 TR
0 7 BL
0 8 BL
0 9 BR
0 10 TR
0 11 TL
0 12 BR
0 13 BR
0 14 BR
0 15 BR
0 16 BL
0 17 BR
2 4 TL
2 5 TR
2 6 TR
2 7 TL
2 8 BL
2 9 BR
2 10 TL
2 11 TL
2 12 BL
2 13 BL
2 14 BL
2 15 BL
2 16 BL
2 17 BL
0
0
0
0
2
0 3612 7043 0 20
2 7654 7508 0 20
2
1 7149 8548 0 4
3 2532 8490 0 4
18
0 4
0 11
0 7
0 8
0 13
2 10
2 5
2 6
2 9
1 5
1 10
1 6
1 9
3 11
3 4
3 7
3 13
3 8
0
28
0 4 TL
0 5 TR
0 6 TR
0 7 BL
0 8 BL
0 9 BR
0 10 TR
0 11 TL
0 12 BR
0 13 BR
0 14 BR
0 15 BR
0 16 BL
0 17 BR
2 4 TL
2 5 TR
2 6 TR
2 7 TL
2 8 BL
2 9 BR
2 10 TL
2 11 TL
2 12 TL
2 13 TL
2 14 BL
2 15 BL
2 16 BL
2 17 BR
0
0
0
0
2
0 4157 7295 0 21
2 7226 7088 0 21
2
1 6724 8972 0 5
3 2956 8914 0 5
18
0 4
0 11
0 7
0 8
0 13
2 10
2 5
2 6
2 9
1 5
1 10
1 6
1 9
3 11
3 4
3 7
3 13
3 8
0
28
0 4 TL
0 5 TR
0 6 TR
0 7 TL
0 8 BL
0 9 BR
0 10 TR
0 11 TL
0 12 TR
0 13 BR
0 14 BR
0 15 BR
0 16 BL
0 17 BR
2 4 TL
2 5 TR
2 6 TR
2 7 TL
2 8 BL
2 9 BR
2 10 TL
2 11 TL
2 12 BL
2 13 BL
2 14 BL
2 15 BL
2 16 BL
2 17 BR
0
0
0
0
2
0 4532 6827 0 22
2 6669 7312 0 16
2
1 6300 8548 0 0
3 3380 8489 0 0
26
0 4
0 11
0 7
0 8
0 13
2 10
2 5
2 6
2 9
2 12
2 13
2 15
1 5
1 10
1 6
1 9
1 12
1 13
1 14
1 15
3 11
3 4
3 7
3 13
3 8
3 14
3
12 5580 7158 381 120
13 5424 7410 335 219
15 5401 8778 -388 99
28
0 4 TL
0 5 TR
0 6 TR
0 7 TL
0 8 BL
0 9 BR
0 10 TR
0 11 TL
0 12 BR
0 13 BR
0 14 BR
0 15 BR
0 16 BL
0 17 BR
2 4 TL
2 5 TR
2 6 TR
2 7 TL
2 8 BL
2 9 BR
2 10 TL
2 11 TL
2 12 TL
2 13 BL
2 14 BL
2 15 BL
2 16 BL
2 17 BR
0
0
0
0
2
0 5051 7128 0 17
2 6112 7536 0 17
2
1 6300 7948 0 1
3 3380 7889 0 1
29
0 4
0 11
0 7
0 8
0 13
0 12
0 14
0 15
2 10
2 5
2 6
2 9
2 12
2 13
2 15
1 5
1 10
1 6
1 9
1 12
1 13
1 14
1 15
3 11
3 4
3 7
3 13
3 8
3 14
4
12 5961 7278 -202 -345
13 5759 7500 -398 -41
14 4988 8913 -114 164
15 5013 8877 114 -164
28
0 4 TL
0 5 TR
0 6 TR
0 7 TL
0 8 BL
0 9 BR
0 10 TR
0 11 TL
0 12 BR
0 13 BR
0 14 BL
0 15 BL
0 16 BL
0 17 BR
2 4 TL
2 5 TR
2 6 TR
2 7 TL
2 8 BL
2 9 BR
2 10 TL
2 11 TL
2 12 TL
2 13 TL
2 14 BL
2 15 BL
2 16 BL
2 17 BR
0
0
0
0
2
0 5051 6528 0 18
2 6112 6936 0 18
2
1 6300 7348 0 2
3 3380 7289 0 2
29
0 4
0 11
0 7
0 8
0 13
0 12
0 14
0 15
2 10
2 5
2 6
2 9
2 12
2 13
2 15
1 5
1 10
1 6
1 9
1 12
1 13
1 14
1 15
3 11
3 4
3 7
3 13
3 8
3 14
1
12 5759 6933 -400 -3
28
0 4 TL
0 5 TR
0 6 TR
0 7 TL
0 8 BL
0 9 BR
0 10 TL
0 11 TL
0 12 BR
0 13 BR
0 14 BL
0 15 BR
0 16 BL
0 17 BR
2 4 TL
2 5 TR
2 6 TR
2 7 TL
2 8 BL
2 9 BR
2 10 TL
2 11 TL
2 12 TL
2 13 BL
2 14 BL
2 15 BL
2 16 BL
2 17 BR
0
0
0
0
2
0 5051 5928 0 19
2 6112 6336 0 19
2
1 6300 6748 0 3
3 3380 6689 0 3
29
0 4
0 11
0 7
0 8
0 13
0 12
0 14
0 15
2 10
2 5
2 6
2 9
2 12
2 13
2 15
1 5
1 10
1 6
1 9
1 12
1 13
1 14
1 15
3 11
3 4
3 7
3 13
3 8
3 14
0
28
0 4 TL
0 5 TR
0 6 BR
0 7 BL
0 8 BL
0 9 BR
0 10 TL
0 11 TL
0 12 BR
0 13 BL
0 14 BL
0 15 BR
0 16 BL
0 17 BR
2 4 TL
2 5 TR
2 6 TR
2 7 TL
2 8 BL
2 9 BR
2 10 TL
2 11 TL
2 12 BL
2 13 BL
2 14 BL
2 15 BL
2 16 BL
2 17 BR
0
0
0
0
2
0 5051 5328 0 20
2 6112 5736 0 20
2
1 6300 6148 0 4
3 3380 6089 0 4
29
0 4
0 11
0 7
0 8
0 13
0 12
0 14
0 15
2 10
2 5
2 6
2 9
2 12
2 13
2 15
1 5
1 10
1 6
1 9
1 12
1 13
1 14
1 15
3 11
3 4
3 7
3 13
3 8
3 14
0
28
0 4 TL
0 5 TR
0 6 BR
0 7 BL
0 8 BL
0 9 BR
0 10 TL
0 11 TL
0 12 BL
0 13 BL
0 14 BL
0 15 BR
0 16 BL
0 17 BR
2 4 TL
2 5 TR
2 6 BR
2 7 BL
2 8 BL
2 9 BR
2 10 TL
2 11 TL
2 12 BL
2 13 BL
2 14 BL
2 15 BL
2 16 BL
2 17 BR
0
0
0
0
2
0 5051 4728 0 21
2 6112 5136 0 21
2
1 6300 5548 0 5
3 3380 5489 0 5
29
0 4
0 11
0 7
0 8
0 13
0 12
0 14
0 15
2 10
2 5
2 6
2 9
2 12
2 13
2 15
1 5
1 10
1 6
1 9
1 12
1 13
1 14
1 15
3 11
3 4
3 7
3 13
3 8
3 14
0
28
0 4 TL
0 5 TR
0 6 BR
0 7 BL
0 8 BL
0 9 BR
0 10 TL
0 11 TL
0 12 BL
0 13 BL
0 14 BL
0 15 BR
0 16 BL
0 17 BR
2 4 TL
2 5 TR
2 6 BR
2 7 BL
2 8 BL
2 9 BR
2 10 TL
2 11 TL
2 12 BL
2 13 BL
2 14 BL
2 15 BL
2 16 BL
2 17 BR
0
0
0
0
2
0 5051 4128 0 22
2 6112 4536 0 22
2
1 6300 4948 0 6
3 3380 4889 0 6
29
0 4
0 11
0 7
0 8
0 13
0 12
0 14
0 15
2 10
2 5
2 6
2 9
2 12
2 13
2 15
1 5
1 10
1 6
1 9
1 12
1 13
1 14
1 15
3 11
3 4
3 7
3 13
3 8
3 14
0
28
0 4 TL
0 5 TR
0 6 BR
0 7 BL
0 8 BL
0 9 BR
0 10 TL
0 11 TL
0 12 BR
0 13 BL
0 14 BL
0 15 BR
0 16 BL
0 17 BR
2 4 TL
2 5 TR
2 6 BR
2 7 BL
2 8 BL
2 9 BR
2 10 TL
2 11 TL
2 12 BL
2 13 BL
2 14 BL
2 15 BL
2 16 BL
2 17 BR
0
0
0
0
2
0 5051 3528 0 23
2 6112 3936 0 23
2
1 6300 4348 0 7
3 3380 4289 0 7
29
0 4
0 11
0 7
0 8
0 13
0 12
0 14
0 15
2 10
2 5
2 6
2 9
2 12
2 13
2 15
1 5
1 10
1 6
1 9
1 12
1 13
1 14
1 15
3 11
3 4
3 7
3 13
3 8
3 14
0
28
0 4 TL
0 5 BR
0 6 BR
0 7 BL
0 8 BL
0 9 BR
0 10 BL
0 11 BL
0 12 BR
0 13 BL
0 14 BL
0 15 BR
0 16 BL
0 17 BR
2 4 TL
2 5 TR
2 6 BR
2 7 BL
2 8 BL
2 9 BR
2 10 TL
2 11 BL
2 12 BL
2 13 BL
2 14 BL
2 15 BL
2 16 BL
2 17 BR
0
0
0
0
2
0 5051 2928 0 24
2 6112 3336 0 24
2
1 6300 3748 0 8
3 3380 3689 0 8
29
0 4
0 11
0 7
0 8
0 13
0 12
0 14
0 15
2 10
2 5
2 6
2 9
2 12
2 13
2 15
1 5
1 10
1 6
1 9
1 12
1 13
1 14
1 15
3 11
3 4
3 7
3 13
3 8
3 14
0
28
0 4 TL
0 5 BR
0 6 BR
0 7 BL
0 8 BL
0 9 BR
0 10 BL
0 11 BL
0 12 BR
0 13 BL
0 14 BL
0 15 BR
0 16 BL
0 17 BR
2 4 TL
2 5 BR
2 6 BR
2 7 BL
2 8 BL
2 9 BR
2 10 TL
2 11 BL
2 12 BL
2 13 BL
2 14 BL
2 15 BL
2 16 BL
2 17 BL
0
0
0
0
2
0 5051 2328 0 25
2 6112 2736 0 25
2
1 6300 3148 0 9
3 3380 3089 0 9
29
0 4
0 11
0 7
0 8
0 13
0 12
0 14
0 15
2 10
2 5
2 6
2 9
2 12
2 13
2 15
1 5
1 10
1 6
1 9
1 12
1 13
1 14
1 15
3 11
3 4
3 7
3 13
3 8
3 14
0
28
0 4 BL
0 5 BR
0 6 BR
0 7 BL
0 8 BL
0 9 BR
0 10 BL
0 11 BL
0 12 BR
0 13 BL
0 14 BL
0 15 BR
0 16 BL
0 17 BR
2 4 TL
2 5 BR
2 6 BR
2 7 BL
2 8 BL
2 9 BR
2 10 BL
2 11 BL
2 12 BL
2 13 BL
2 14 BL
2 15 BL
2 16 BL
2 17 BL
0
0
0
0
2
0 5051 1728 0 26
2 6112 2136 0 26
2
1 6300 2548 0 10
3 3380 2489 0 10
29
0 4
0 11
0 7
0 8
0 13
0 12
0 14
0 15
2 10
2 5
2 6
2 9
2 12
2 13
2 15
1 5
1 10
1 6
1 9
1 12
1 13
1 14
1 15
3 11
3 4
3 7
3 13
3 8
3 14
0
28
0 4 BL
0 5 BR
0 6 BR
0 7 BL
0 8 BL
0 9 BR
0 10 BL
0 11 BL
0 12 BR
0 13 BL
0 14 BL
0 15 BR
0 16 BL
0 17 BR
2 4 BL
2 5 BR
2 6 BR
2 7 BL
2 8 BL
2 9 BR
2 10 BL
2 11 BL
2 12 BL
2 13 BL
2 14 BL
2 15 BL
2 16 BL
2 17 BL
0
0
0
0
2
0 5051 1128 0 27
2 6112 1536 0 27
2
1 6300 1948 0 11
3 3380 1889 0 11
29
0 4
0 11
0 7
0 8
0 13
0 12
0 14
0 15
2 10
2 5
2 6
2 9
2 12
2 13
2 15
1 5
1 10
1 6
1 9
1 12
1 13
1 14
1 15
3 11
3 4
3 7
3 13
3 8
3 14
0
28
0 4 BL
0 5 BR
0 6 BR
0 7 BL
0 8 BL
0 9 BR
0 10 BL
0 11 BL
0 12 BR
0 13 BL
0 14 BL
0 15 BR
0 16 BL
0 17 BR
2 4 BL
2 5 BR
2 6 BR
2 7 BL
2 8 BL
2 9 BR
2 10 BL
2 11 BL
2 12 BL
2 13 BL
2 14 BL
2 15 BR
2 16 BL
2 17 BL
0
0
0
0
2
0 5051 528 0 28
2 6112 936 0 28
2
1 6300 1348 0 12
3 3380 1289 0 12
29
0 4
0 11
0 7
0 8
0 13
0 12
0 14
0 15
2 10
2 5
2 6
2 9
2 12
2 13
2 15
1 5
1 10
1 6
1 9
1 12
1 13
1 14
1 15
3 11
3 4
3 7
3 13
3 8
3 14
0
28
0 4 BL
0 5 BR
0 6 BR
0 7 BL
0 8 BL
0 9 BR
0 10 BL
0 11 BL
0 12 BR
0 13 BL
0 14 BL
0 15 BR
0 16 BL
0 17 BR
2 4 BL
2 5 BR
2 6 BR
2 7 BL
2 8 BL
2 9 BR
2 10 BL
2 11 BL
2 12 BL
2 13 BL
2 14 BL
2 15 BR
2 16 BL
2 17 BL