14
4 0 0
5 1 0
6 0 1
7 1 1
8 0 2
9 1 2
10 2 0
11 3 0
12 2 1
13 3 1
14 2 2
15 3 2
16 -1 -1
17 -1 -1
0
0
0
0
2
0 2000 500 0 30
2 6000 500 0 30
2
1 7999 500 0 30
3 3999 500 0 30
0
0
28
0 4 BR
0 5 BR
0 6 BR
0 7 BR
0 8 BR
0 9 BR
0 10 BR
0 11 BL
0 12 BR
0 13 BL
0 14 BR
0 15 BR
0 16 BR
0 17 BR
2 4 BL
2 5 BR
2 6 BR
2 7 BL
2 8 BR
2 9 BL
2 10 BR
2 11 BL
2 12 BR
2 13 BL
2 14 BR
2 15 BL
2 16 BL
2 17 BL
0
0
0
0
2
0 2000 800 0 25
2 6000 800 0 30
2
1 7999 1100 0 30
3 3854 1082 0 30
0
0
28
0 4 BR
0 5 BR
0 6 BR
0 7 BR
0 8 BR
0 9 BR
0 10 BR
0 11 BL
0 12 BR
0 13 BL
0 14 BR
0 15 BR
0 16 BR
0 17 BR
2 4 BL
2 5 BR
2 6 BR
2 7 BL
2 8 BR
2 9 BL
2 10 BR
2 11 BL
2 12 BR
2 13 BL
2 14 BR
2 15 BL
2 16 BL
2 17 BL
0
0
0
0
2
0 2000 1100 0 20
2 6000 1100 0 25
2
1 7999 1700 0 30
3 3709 1664 0 30
0
0
28
0 4 BR
0 5 BR
0 6 BR
0 7 BR
0 8 BR
0 9 BR
0 10 BR
0 11 BL
0 12 BR
0 13 BL
0 14 BR
0 15 BR
0 16 BR
0 17 BR
2 4 BL
2 5 BR
2 6 BR
2 7 BL
2 8 BR
2 9 BL
2 10 BR
2 11 BL
2 12 BR
2 13 BL
2 14 BR
2 15 BL
2 16 BL
2 17 BL
0
0
0
0
2
0 2000 1400 0 15
2 6000 1400 0 26
2
1 7999 2300 0 30
3 3563 2246 0 30
1
0 4
1
4 2703 3252 -260 304
28
0 4 BR
0 5 BR
0 6 BR
0 7 BR
0 8 BR
0 9 BR
0 10 BR
0 11 BL
0 12 BR
0 13 BL
0 14 BR
0 15 BR
0 16 BR
0 17 BR
2 4 BL
2 5 BR
2 6 BR
2 7 BL
2 8 BR
2 9 BL
2 10 BR
2 11 BL
2 12 BR
2 13 BL
2 14 BR
2 15 BL
2 16 BL
2 17 BL
0
0
0
0
2
0 2000 1700 0 16
2 6000 1700 0 27
2
1 7999 2900 0 30
3 3418 2828 0 30
1
0 4
0
28
0 4 BR
0 5 BR
0 6 BR
0 7 BR
0 8 BR
0 9 BR
0 10 BR
0 11 BL
0 12 BR
0 13 BR
0 14 BR
0 15 BR
0 16 BR
0 17 BR
2 4 BL
2 5 BR
2 6 BR
2 7 BL
2 8 BR
2 9 BL
2 10 BR
2 11 BL
2 12 BR
2 13 BL
2 14 BR
2 15 BL
2 16 BL
2 17 BL
0
0
0
0
2
0 2000 2000 0 17
2 6000 2000 0 22
2
1 7999 3500 0 25
3 3272 3410 0 25
5
0 4
2 5
1 5
1 10
3 4
1
5 6733 3807 -389 94
28
0 4 BR
0 5 BR
0 6 BR
0 7 BR
0 8 BR
0 9 BR
0 10 BR
0 11 BL
0 12 BR
0 13 BR
0 14 BR
0 15 BR
0 16 BR
0 17 BR
2 4 BL
2 5 BR
2 6 BR
2 7 BL
2 8 BR
2 9 BL
2 10 BR
2 11 BL
2 12 BR
2 13 BL
2 14 BR
2 15 BL
2 16 BL
2 17 BL
0
0
0
0
2
0 2000 2300 0 12
2 6000 2300 0 23
2
1 7999 4100 0 20
3 3127 3992 0 20
6
0 4
0 11
2 5
1 5
1 10
3 4
2
4 1743 3922 -399 -20
11 800 3587 -200 0
28
0 4 BL
0 5 BR
0 6 BR
0 7 BR
0 8 BR
0 9 BR
0 10 BR
0 11 BL
0 12 BR
0 13 BR
0 14 BR
0 15 BR
0 16 BR
0 17 BR
2 4 BL
2 5 BR
2 6 BR
2 7 BL
2 8 BR
2 9 BL
2 10 BR
2 11 BL
2 12 BR
2 13 BL
2 14 BR
2 15 BL
2 16 BL
2 17 BL
0
0
0
0
2
0 2000 2600 0 7
2 6000 2600 0 24
2
1 7999 4700 0 15
3 2981 4574 0 15
8
0 4
0 11
2 5
1 5
1 10
1 12
3 4
3 13
2
4 1344 3902 -200 -10
11 600 3587 -200 0
28
0 4 BL
0 5 BR
0 6 BR
0 7 BR
0 8 BR
0 9 BR
0 10 BR
0 11 BL
0 12 BR
0 13 BR
0 14 BR
0 15 BR
0 16 BR
0 17 BR
2 4 BL
2 5 BR
2 6 BR
2 7 BL
2 8 BR
2 9 BL
2 10 BR
2 11 BL
2 12 BR
2 13 BL
2 14 BR
2 15 BL
2 16 BL
2 17 BL
0
0
0
0
2
0 2000 2900 0 8
2 6000 2900 0 19
2
1 7999 5300 0 10
3 2836 5156 0 10
8
0 4
0 11
2 5
1 5
1 10
1 12
3 4
3 13
1
5 5956 3995 -194 47
28
0 4 BL
0 5 BR
0 6 BR
0 7 BR
0 8 BR
0 9 BR
0 10 BR
0 11 BL
0 12 BR
0 13 BR
0 14 BR
0 15 BR
0 16 BR
0 17 BR
2 4 BL
2 5 BL
2 6 BR
2 7 BL
2 8 BR
2 9 BL
2 10 BR
2 11 BL
2 12 BR
2 13 BL
2 14 BR
2 15 BL
2 16 BL
2 17 BL
0
0
0
0
2
0 2000 3200 0 3
2 6000 3200 0 14
2
1 7999 5900 0 5
3 2690 5738 0 5
9
0 4
0 11
2 5
1 5
1 10
1 12
3 4
3 13
3 7
3
4 944 3882 -200 -10
11 200 3587 -200 0
5 5762 4042 -194 47
28
0 4 BL
0 5 BR
0 6 BR
0 7 BR
0 8 BR
0 9 BR
0 10 BR
0 11 BL
0 12 BR
0 13 BR
0 14 BR
0 15 BR
0 16 BR
0 17 BR
2 4 BL
2 5 BL
2 6 BR
2 7 BL
2 8 BR
2 9 BL
2 10 BR
2 11 BL
2 12 BR
2 13 BL
2 14 BR
2 15 BL
2 16 BL
2 17 BL
0
0
0
0
2
0 2000 3500 0 4
2 6000 3500 0 15
2
1 7999 6500 0 0
3 2545 6320 0 0
9
0 4
0 11
2 5
1 5
1 10
1 12
3 4
3 13
3 7
1
5 5568 4089 -194 47
28
0 4 BL
0 5 BR
0 6 BR
0 7 BR
0 8 BR
0 9 BL
0 10 BR
0 11 BL
0 12 BR
0 13 BR
0 14 BR
0 15 BR
0 16 BR
0 17 BR
2 4 BL
2 5 BL
2 6 BL
2 7 BL
2 8 BR
2 9 BL
2 10 BR
2 11 BL
2 12 BR
2 13 BL
2 14 BR
2 15 BL
2 16 BL
2 17 BL
0
0
0
0
2
0 2000 3800 0 5
2 6000 3800 0 16
2
1 7999 7100 0 1
3 2399 6902 0 1
9
0 4
0 11
2 5
1 5
1 10
1 12
3 4
3 13
3 7
1
5 5374 4136 -194 47
28
0 4 BL
0 5 BR
0 6 BR
0 7 BR
0 8 BR
0 9 BL
0 10 BR
0 11 TL
0 12 BR
0 13 BR
0 14 BR
0 15 BR
0 16 BR
0 17 BR
2 4 BL
2 5 BL
2 6 BL
2 7 BL
2 8 BR
2 9 BL
2 10 BR
2 11 TL
2 12 BR
2 13 BL
2 14 BR
2 15 BL
2 16 BL
2 17 BL
0
0
0
0
2
0 2000 4100 0 0
2 6000 4100 0 11
2
1 7999 7700 0 2
3 2254 7484 0 2
9
0 4
0 11
2 5
1 5
1 10
1 12
3 4
3 13
3 7
2
4 700 3987 156 125
5 5180 4183 -194 47
28
0 4 TL
0 5 BR
0 6 BR
0 7 BR
0 8 BR
0 9 BL
0 10 BR
0 11 TL
0 12 BR
0 13 BR
0 14 BR
0 15 BR
0 16 BR
0 17 BR
2 4 TL
2 5 BL
2 6 BL
2 7 BL
2 8 BR
2 9 BL
2 10 BR
2 11 TL
2 12 BR
2 13 BL
2 14 BR
2 15 BL
2 16 BL
2 17 BL
0
0
0
0
2
0 2000 4400 0 1
2 6000 4400 0 12
2
1 7574 8124 0 3
3 2108 8066 0 3
9
0 4
0 11
2 5
1 5
1 10
1 12
3 4
3 13
3 7
0
28
0 4 TL
0 5 TR
0 6 BR
0 7 BR
0 8 BR
0 9 BL
0 10 TR
0 11 TL
0 12 BR
0 13 BR
0 14 BR
0 15 BR
0 16 BR
0 17 BR
2 4 TL
2 5 TL
2 6 BL
2 7 BL
2 8 BR
2 9 BL
2 10 TR
2 11 TL
2 12 BR
2 13 BL
2 14 BR
2 15 BL
2 16 BL
2 17 BL
0
0
0
0
2
0 2000 4700 0 2
2 6000 4700 0 13
2
1 7149 8548 0 4
3 2532 8490 0 4
10
0 4
0 11
2 5
1 5
1 10
1 12
1 14
3 4
3 13
3 7
0
28
0 4 TL
0 5 TR
0 6 BR
0 7 BR
0 8 BR
0 9 BL
0 10 TR
0 11 TL
0 12 BR
0 13 BR
0 14 BR
0 15 BR
0 16 BR
0 17 BR
2 4 TL
2 5 TL
2 6 BL
2 7 BL
2 8 BR
2 9 BL
2 10 TR
2 11 TL
2 12 BR
2 13 BL
2 14 BR
2 15 BL
2 16 BL
2 17 BL
0
0
0
0
2
0 2000 5000 0 3
2 6000 5000 0 14
2
1 7573 8972 0 5
3 2956 8914 0 5
11
0 4
0 11
2 5
1 5
1 10
1 12
1 14
3 4
3 13
3 7
3 15
0
28
0 4 TL
0 5 TR
0 6 BR
0 7 BR
0 8 BR
0 9 BL
0 10 TR
0 11 TL
0 12 BR
0 13 BR
0 14 BR
0 15 BR
0 16 BR
0 17 BR
2 4 TL
2 5 TL
2 6 BL
2 7 BL
2 8 BR
2 9 BL
2 10 TR
2 11 TL
2 12 BR
2 13 BL
2 14 BR
2 15 BL
2 16 BL
2 17 BL
0
0
0
0
2
0 2000 5300 0 4
2 6000 5300 0 9
2
1 7997 9396 0 0
3 2531 9338 0 0
15
0 4
0 11
2 5
2 7
2 12
1 5
1 10
1 12
1 14
1 8
3 4
3 13
3 7
3 15
3 9
3
5 4404 4371 -194 47
7 4869 6633 141 -141
12 6655 6351 150 -132
28
0 4 TL
0 5 TR
0 6 BR
0 7 BR
0 8 BR
0 9 BL
0 10 TR
0 11 TL
0 12 BR
0 13 BR
0 14 BR
0 15 BR
0 16 BR
0 17 BR
2 4 TL
2 5 TL
2 6 BL
2 7 BL
2 8 BR
2 9 BL
2 10 TR
2 11 TL
2 12 BR
2 13 BL
2 14 BR
2 15 BL
2 16 BL
2 17 BL
0
0
0
0
2
0 2000 5600 0 5
2 6000 5600 0 4
2
1 7998 8796 0 1
3 2478 8740 0 1
16
0 4
0 11
2 5
2 7
2 12
2 6
1 5
1 10
1 12
1 14
1 8
3 4
3 13
3 7
3 15
3 9
3
6 4944 7065 200 -11
7 5010 6492 23 -199
12 6805 6219 150 -132
28
0 4 TL
0 5 TR
0 6 BR
0 7 BR
0 8 BR
0 9 BL
0 10 TR
0 11 TL
0 12 BR
0 13 BR
0 14 BR
0 15 BR
0 16 BR
0 17 BR
2 4 TL
2 5 TL
2 6 BL
2 7 BL
2 8 BR
2 9 BL
2 10 TR
2 11 TL
2 12 BR
2 13 BL
2 14 BR
2 15 BL
2 16 BL
2 17 BL
0
0
0
0
2
0 2000 5900 0 0
2 6000 5900 0 5
2
1 7998 8196 0 2
3 2423 8142 0 2
16
0 4
0 11
2 5
2 7
2 12
2 6
1 5
1 10
1 12
1 14
1 8
3 4
3 13
3 7
3 15
3 9
1
4 1636 4737 156 125
28
0 4 TL
0 5 TR
0 6 BR
0 7 BR
0 8 BR
0 9 BL
0 10 TR
0 11 TL
0 12 BR
0 13 BR
0 14 BR
0 15 BR
0 16 BR
0 17 BR
2 4 TL
2 5 TL
2 6 BL
2 7 BL
2 8 BR
2 9 BL
2 10 TR
2 11 TL
2 12 BR
2 13 BL
2 14 BR
2 15 BL
2 16 BL
2 17 BL
0
0
0
0
2
0 2000 6200 0 1
2 6000 6200 0 6
2
1 7999 7596 0 3
3 2369 7544 0 3
16
0 4
0 11
2 5
2 7
2 12
2 6
1 5
1 10
1 12
1 14
1 8
3 4
3 13
3 7
3 15
3 9
0
28
0 4 TL
0 5 TR
0 6 BR
0 7 TR
0 8 BR
0 9 BL
0 10 TR
0 11 TL
0 12 TR
0 13 BR
0 14 BR
0 15 BR
0 16 BR
0 17 BR
2 4 TL
2 5 TL
2 6 BL
2 7 TL
2 8 BR
2 9 BL
2 10 TR
2 11 TL
2 12 TR
2 13 BL
2 14 BR
2 15 BL
2 16 BL
2 17 BL
0
0
0
0
2
0 2000 6500 0 2
2 6000 6500 0 1
2
1 7999 6996 0 4
3 2314 6946 0 4
16
0 4
0 11
2 5
2 7
2 12
2 6
1 5
1 10
1 12
1 14
1 8
3 4
3 13
3 7
3 15
3 9
4
6 5544 7032 200 -11
7 5079 5895 23 -199
12 7255 5823 -214 -338
17 5756 8351 71 -535
28
0 4 TL
0 5 TR
0 6 BR
0 7 TR
0 8 BR
0 9 BL
0 10 TR
0 11 TL
0 12 TR
0 13 BR
0 14 BR
0 15 BR
0 16 BR
0 17 BR
2 4 TL
2 5 TL
2 6 BL
2 7 TL
2 8 BR
2 9 BL
2 10 TR
2 11 TL
2 12 TR
2 13 BL
2 14 BR
2 15 BL
2 16 BL
2 17 BL
0
0
0
0
2
0 2000 6800 0 3
2 6000 6800 0 2
2
1 7574 7420 0 5
3 2260 6348 0 5
16
0 4
0 11
2 5
2 7
2 12
2 6
1 5
1 10
1 12
1 14
1 8
3 4
3 13
3 7
3 15
3 9
2
6 5744 7021 200 -11
17 5827 7816 36 -268
28
0 4 TR
0 5 TR
0 6 BR
0 7 TR
0 8 BR
0 9 BL
0 10 TR
0 11 TL
0 12 TR
0 13 BR
0 14 BR
0 15 BR
0 16 BR
0 17 BR
2 4 TL
2 5 TL
2 6 BL
2 7 TL
2 8 BR
2 9 BL
2 10 TR
2 11 TL
2 12 TR
2 13 BL
2 14 BL
2 15 BL
2 16 BL
2 17 BL
0
0
0
0
2
0 2000 7100 0 4
2 6000 7100 1 3
2
1 7150 6996 0 0
3 2205 5750 0 0
14
0 4
0 11
1 5
1 10
1 12
1 14
1 8
1 6
3 4
3 13
3 7
3 15
3 9
3 5
1
17 5863 7548 496 -213
28
0 4 TR
0 5 TR
0 6 TR
0 7 TR
0 8 BR
0 9 BL
0 10 TR
0 11 TL
0 12 TR
0 13 BR
0 14 BR
0 15 BR
0 16 BR
0 17 BR
2 4 TL
2 5 TL
2 6 TL
2 7 TL
2 8 BR
2 9 BL
2 10 TR
2 11 TL
2 12 TR
2 13 BL
2 14 BL
2 15 BL
2 16 BL
2 17 BL
0
0
0
0
2
0 2000 7400 0 5
2 6000 6800 1 3
2
1 7150 6396 0 1
3 2205 5150 0 1
14
0 4
0 11
1 5
1 10
1 12
1 14
1 8
1 6
3 4
3 13
3 7
3 15
3 9
3 5
1
17 6359 7335 248 -107
28
0 4 TR
0 5 TR
0 6 TR
0 7 TR
0 8 BR
0 9 BL
0 10 TR
0 11 TL
0 12 TR
0 13 TR
0 14 BR
0 15 BR
0 16 BR
0 17 TR
2 4 TL
2 5 TL
2 6 BL
2 7 TL
2 8 BR
2 9 BL
2 10 TR
2 11 TL
2 12 TR
2 13 BL
2 14 BL
2 15 BL
2 16 BL
2 17 BR
0
0
0
0
2
0 2000 7700 0 0
2 6000 6500 1 3
2
1 7150 5796 0 2
3 2205 4550 0 2
15
0 4
0 11
0 13
1 5
1 10
1 12
1 14
1 8
1 6
3 4
3 13
3 7
3 15
3 9
3 5
3
13 3243 7158 -200 11
16 2137 9566 -40 -539
17 6607 7228 248 -107
28
0 4 TR
0 5 TR
0 6 TR
0 7 TR
0 8 BR
0 9 BL
0 10 TR
0 11 TL
0 12 TR
0 13 TR
0 14 BR
0 15 BR
0 16 BR
0 17 TR
2 4 TL
2 5 TL
2 6 BL
2 7 TL
2 8 BR
2 9 BL
2 10 TR
2 11 TL
2 12 TR
2 13 BL
2 14 BL
2 15 BL
2 16 BL
2 17 BR
0
0
0
0
2
0 2000 8000 0 1
2 6000 6200 1 3
2
1 7150 5196 0 3
3 2205 3950 0 3
15
0 4
0 11
0 13
1 5
1 10
1 12
1 14
1 8
1 6
3 4
3 13
3 7
3 15
3 9
3 5
1
16 2097 9027 -20 -269
28
0 4 TR
0 5 TR
0 6 TR
0 7 TR
0 8 BR
0 9 BL
0 10 TR
0 11 TL
0 12 TR
0 13 TR
0 14 BR
0 15 BR
0 16 BR
0 17 TR
2 4 TL
2 5 TL
2 6 BL
2 7 TL
2 8 BR
2 9 BL
2 10 TR
2 11 TL
2 12 TR
2 13 BL
2 14 BL
2 15 BL
2 16 BL
2 17 BR
0
0
0
0
2
0 2000 8300 1 2
2 6000 5900 1 3
2
1 7150 4596 0 4
3 2205 3350 0 4
12
1 5
1 10
1 12
1 14
1 8
1 6
3 4
3 13
3 7
3 15
3 9
3 5
1
16 2077 8758 -20 -269
28
0 4 TR
0 5 TR
0 6 TR
0 7 TR
0 8 BR
0 9 BL
0 10 TR
0 11 TL
0 12 TR
0 13 TR
0 14 BR
0 15 BR
0 16 BR
0 17 TR
2 4 TL
2 5 TL
2 6 BL
2 7 TL
2 8 BR
2 9 BL
2 10 TR
2 11 TL
2 12 TR
2 13 BL
2 14 BL
2 15 BL
2 16 BL
2 17 BR
0
0
0
0
2
0 2000 8000 1 2
2 6000 5600 1 3
2
1 7150 3996 0 5
3 2205 2750 0 5
13
1 5
1 10
1 12
1 14
1 8
1 6
3 4
3 13
3 7
3 15
3 9
3 5
3 11
1
16 2057 8489 -20 -269
28
0 4 TR
0 5 TR
0 6 TR
0 7 TR
0 8 BR
0 9 BL
0 10 TR
0 11 TL
0 12 TR
0 13 TR
0 14 BR
0 15 BR
0 16 BR
0 17 TR
2 4 TL
2 5 TL
2 6 BL
2 7 BL
2 8 BR
2 9 BL
2 10 TR
2 11 TL
2 12 TL
2 13 BL
2 14 BL
2 15 BL
2 16 BL
2 17 BR
0
0
0
0
2
0 2000 7700 1 2
2 6000 5300 1 3
2
1 7150 3396 0 6
3 2205 2150 0 6
13
1 5
1 10
1 12
1 14
1 8
1 6
3 4
3 13
3 7
3 15
3 9
3 5
3 11
1
16 2037 8220 -20 -269
28
0 4 TR
0 5 TR
0 6 TR
0 7 TR
0 8 BR
0 9 BL
0 10 TR
0 11 TL
0 12 TR
0 13 TR
0 14 BR
0 15 BR
0 16 BR
0 17 TR
2 4 TL
2 5 TL
2 6 BL
2 7 BL
2 8 BR
2 9 BL
2 10 TR
2 11 TL
2 12 TL
2 13 BL
2 14 BL
2 15 BL
2 16 BL
2 17 BR
0
0
0
0
2
0 2000 7400 1 2
2 6000 5000 1 3
2
1 7150 2796 0 7
3 2205 1550 0 7
13
1 5
1 10
1 12
1 14
1 8
1 6
3 4
3 13
3 7
3 15
3 9
3 5
3 11
1
16 2017 7951 -20 -269
28
0 4 TR
0 5 TR
0 6 TR
0 7 TR
0 8 BR
0 9 BL
0 10 TR
0 11 TL
0 12 TR
0 13 TR
0 14 BR
0 15 BR
0 16 BR
0 17 TR
2 4 TL
2 5 TL
2 6 BL
2 7 BL
2 8 BR
2 9 BL
2 10 TR
2 11 TL
2 12 BL
2 13 BL
2 14 BL
2 15 BL
2 16 BL
2 17 BR
0
0
0
0
2
0 2000 7100 1 2
2 6000 4700 1 3
2
1 7150 2196 0 8
3 2205 950 0 8
13
1 5
1 10
1 12
1 14
1 8
1 6
3 4
3 13
3 7
3 15
3 9
3 5
3 11
1
16 1997 7682 -20 -269
28
0 4 TR
0 5 TR
0 6 TR
0 7 TR
0 8 BR
0 9 BL
0 10 TR
0 11 TL
0 12 TR
0 13 BR
0 14 BR
0 15 BR
0 16 BL
0 17 TR
2 4 TL
2 5 TL
2 6 BL
2 7 BL
2 8 BR
2 9 BL
2 10 TR
2 11 TL
2 12 BL
2 13 BL
2 14 BL
2 15 BL
2 16 BL
2 17 BR
0
38
0
7
4
13
7
15
9
5
11
2
0 2000 6800 1 2
2 6000 4400 1 3
2
1 7150 1596 0 9
3 2205 350 0 9
5
1 10
1 12
1 14
1 8
1 6
1
16 1977 7413 -20 -269
28
0 4 TR
0 5 TR
0 6 BR
0 7 TR
0 8 BR
0 9 BR
0 10 TR
0 11 TL
0 12 TR
0 13 BL
0 14 BR
0 15 BR
0 16 BL
0 17 TR
2 4 TL
2 5 BL
2 6 BL
2 7 BL
2 8 BR
2 9 BL
2 10 TR
2 11 TL
2 12 BL
2 13 BL
2 14 BR
2 15 BL
2 16 BL
2 17 BR
0
38
0
7
4
13
7
15
9
5
11
2
0 2000 6500 1 2
2 6000 4100 1 3
2
1 7150 996 0 10
3 2205 0 0 10
5
1 10
1 12
1 14
1 8
1 6
1
16 1957 7144 -20 -269
28
0 4 TR
0 5 TR
0 6 BR
0 7 BR
0 8 BR
0 9 BR
0 10 TR
0 11 TL
0 12 TR
0 13 BL
0 14 BR
0 15 BR
0 16 BL
0 17 TR
2 4 TL
2 5 BL
2 6 BL
2 7 BL
2 8 BR
2 9 BL
2 10 TR
2 11 TL
2 12 BL
2 13 BL
2 14 BR
2 15 BL
2 16 BL
2 17 BR